[gd_scene load_steps=4 format=2]

[ext_resource path="res://SCENES/Towers/Tower.tscn" type="PackedScene" id=1]
[ext_resource path="res://3dmodels/skel_barkeep.tscn" type="PackedScene" id=2]

[sub_resource type="CylinderMesh" id=1]

top_radius = 1.0
bottom_radius = 1.0
height = 2.0
radial_segments = 64
rings = 4

[node name="KisserTower" type="Spatial" index="0"]

[node name="Tower" parent="." index="0" instance=ExtResource( 1 )]

towerType = "Kisser"
towerIcon = "res://UISPRITES/cursorSword_bronze.png"

[node name="MeshInstance" type="MeshInstance" parent="." index="1"]

transform = Transform( 1, 0, 0, 0, 1, 0, 0, 0, 1, 0, 2.36309, 0 )
visible = false
layers = 1
material_override = null
cast_shadow = 1
extra_cull_margin = 0.0
use_in_baked_light = false
lod_min_distance = 0.0
lod_min_hysteresis = 0.0
lod_max_distance = 0.0
lod_max_hysteresis = 0.0
mesh = SubResource( 1 )
skeleton = NodePath("..")
material/0 = null

[node name="Model" parent="." index="2" instance=ExtResource( 2 )]

transform = Transform( 0.6, 0, 0, 0, 0.6, 0, 0, 0, 0.6, 0, 0.866994, 0 )

[node name="00skeleton" parent="Model" index="0"]

editor/display_folded = true

[node name="bone_chest" parent="Model/00skeleton/Skeleton" index="2"]

transform = Transform( 1, 0, 0, 0, 0.0838186, -0.996481, 0, 0.996481, 0.0838186, 0.229778, 0.94975, -0.430358 )

[node name="bone_head" parent="Model/00skeleton/Skeleton" index="3"]

transform = Transform( 1, 2.38419e-07, -3.74438e-09, 1.06814e-07, -0.461937, -0.886912, -2.13186e-07, 0.886912, -0.461937, 0.229778, 8.31555, -0.789489 )

[node name="bone_handL" parent="Model/00skeleton/Skeleton" index="4"]

transform = Transform( 7.22329e-07, -0.929934, 0.367728, 4.06611e-08, 0.367728, 0.929934, -1, 7.68116e-07, -2.92123e-07, -7.85069, -1.33145, 0.01108 )

[node name="bone_handR" parent="Model/00skeleton/Skeleton" index="5"]

transform = Transform( -2.18813e-07, 0.929933, -0.367727, 5.38696e-07, 0.367728, 0.929934, 1, 1.37471e-07, -3.16986e-07, 8.40215, -1.33145, 0.01108 )

[node name="bone_footR" parent="Model/00skeleton/Skeleton" index="6"]

transform = Transform( -1, 5.53206e-06, -7.33417e-09, 5.55441e-06, 0.997634, 0.0687388, 3.66068e-07, 0.068739, -0.997636, 1.73086, -10.0417, -0.112182 )

[node name="bone_footL" parent="Model/00skeleton/Skeleton" index="7"]

transform = Transform( -1, -5.53206e-06, -2.21189e-09, -5.55441e-06, 0.997634, 0.0687388, -3.67523e-07, 0.0687387, -0.997636, -1.17939, -10.0417, -0.112182 )

[node name="01sheriff" parent="Model" index="1"]

editor/display_folded = true

[node name="02poncho" parent="Model" index="2"]

editor/display_folded = true

[node name="03bandana" parent="Model" index="3"]

editor/display_folded = true

[node name="04shopkeepe" parent="Model" index="4"]

editor/display_folded = true

[node name="05.babe" parent="Model" index="5"]

editor/display_folded = true


[editable path="Model"]
